{
  "rows":["RM","EN","EP","NB","BK","AS","MA",19,12,"LM","FV","CL","SL","BF","HY","SH","UC","FM","CN","PH","WC","LF","OR","RR","OW","EM","MT","PL","CC",16,24,"GP","BP","DC","CM","CV","ED","NC","WP","SS","SB","SO","MB","WD","Entries"],
  "cols":["RM","EN","EP","NB","BK","AS","MA",19,12,"LM","FV","CL","SL","BF","HY","SH","UC","FM","CN","PH","WC","LF","OR","RR","OW","EM","MT","PL","CC",16,24,"GP","BP","DC","CM","CV","ED","NC","WP","SS","SB","SO","MB","WD","Exits"],
  "data":[[8.4,51,63.6,42.6,142.4,68.4,67.6,34.8,50.4,22,58.6,72.8,17.8,18.8,17,13.8,6,20.8,18.6,3,10.2,6,2.8,9.2,16.8,122.2,64,239.6,191.2,60.2,63,18.4,26.2,20.2,8,4.4,9.8,1.2,29.6,6.2,6.8,26.8,11,0.8,1753],
[53.2,19,55,48.6,224.4,99.2,85.8,55.4,81.4,36,64.6,159.4,23,33.4,31.4,15.6,17.6,43.6,20,10.6,19.6,4.4,5,20.2,24.2,241.8,161.8,560.8,382.4,93,65.4,28.4,43.6,32,17,4.6,14.2,2.4,30.2,4.8,10,59.2,21.2,5.6,3028.9999999999995],
[62.4,53.8,8,40.8,236.4,56.6,50.8,49,61.6,31.8,31.2,93.6,10.2,13.2,8.8,5.4,10.8,28.6,13.2,6,15,8.6,6.8,20.4,7.8,150.6,102,313.4,256.6,58.8,37.4,13.8,10.2,10.6,4.6,2.8,8.6,1.6,9.2,1.8,2.8,41.4,13.2,6.4,1976.5999999999995],
[47,49.8,39.6,12.6,67.8,52.2,44.2,67.4,67.2,41.6,39.8,110.8,15.4,20.2,13.4,4.6,9.8,27.4,10.4,9.8,18.4,8.8,5.6,11.6,9.2,279,163,377,348.8,117.4,80.8,22.2,16.6,16.4,6,3.2,6.2,1.8,8.8,6.2,3.6,90.8,18.8,3,2374.2],
[152,213.4,236.6,73.2,35.6,160.4,179.2,187.6,180,78.8,117.8,270.2,49.8,55,42,27,39.6,172,31.2,29,54.4,30.6,24,25.6,55.4,613.8,301.4,1042.2,696.2,243,131.4,47,49.6,53.4,7.8,14,56.2,5.4,27,6.4,12,272.2,96.4,19.2,6214.999999999998],
[75.8,96.8,57.8,47.2,137.2,14.8,82.4,112.2,98,62.2,86.2,136.8,30.2,29.4,27,13.4,14,32,10.8,9.4,18.8,7.2,7.2,11.6,35.6,190.8,137.4,337.2,363,164,97.8,26.6,18.4,15.8,5.4,5.6,12,2.4,20,4.8,3.6,62.4,13.4,4,2738.6000000000013],
[69.6,77.2,45.6,49,159.4,88.8,18.4,77.8,76.8,38.8,79.2,175,36,37.8,35.6,17.8,16.8,38,36,23.2,34.4,15,14.8,40.8,51.2,371.6,216.4,604.8,582.8,269.4,154,36.8,34,28.6,9.6,8.2,15.2,9.2,65.8,5.2,15,112,20.8,8,3920.4],
[37.2,48,52,61.2,160,99.6,70.6,11.4,16.4,14,57.2,108.8,35.4,38.4,32,21.8,16,43,29.8,22.2,38.8,21.6,16.2,58.8,35.2,236.2,180,420.8,389.6,194.2,126.4,34.4,26.8,25.6,4.6,8.8,22.8,9.4,34.6,5,9.4,71.4,21.2,8.2,2975],
[44,67.6,49.4,59.8,153,80,66.2,16.8,19.8,14.6,69.4,154.8,41.8,73,49.2,25,20.8,48.6,36.8,28.8,35.6,15.6,16.6,49.2,56.8,290.6,209,570.2,357.2,137.6,88.2,29.6,41.2,33,12,6.6,16.8,11.2,38.6,8.6,13.6,95.6,26.6,5.8,3285.199999999998],
[28.6,44.6,31.6,43.4,76.4,65.4,46.2,19.8,16.6,10,120.2,174.6,107.8,97.2,61.4,31.2,45,58.4,8.8,7.8,16.2,6.6,8.8,26.2,27.6,234.4,195.8,511.4,365.6,146,117.2,30,36.8,34.8,4.6,45.8,58,2.8,12.6,4.4,4.6,35.8,11,32.8,3064.8000000000006],
[61.8,63.8,33.6,42,118.6,87.4,82.4,60.2,79.4,112,18.6,208.8,96,176.8,97.8,52.2,37.8,70,29.6,13.8,29.2,8,11.6,26.4,65.4,278,175.2,621.6,548,153,120.8,26.6,44.8,38.6,8.4,42.8,56.6,5.6,45.4,7.4,10,42.8,17.2,44.2,3970.2],
[74,157.6,91.4,106.2,147.8,112.2,152,111,164,152.8,183.2,23,160,229,168,84.6,131.8,309,87.6,94.4,117.2,69.2,52,71.8,74.2,308,175.8,531.2,347.8,87,97.8,53,54.4,74.4,12,109.4,457.4,45.4,133.6,18.4,14.2,57.4,33.6,142.6,5877.399999999999],
[21.2,26.4,12,17.2,59.8,28.4,42.6,44.8,56.4,103.8,99.2,167.6,7.2,79.8,77.6,32.8,21.8,40.8,10,8.4,8.6,3.4,3.2,10.2,23.2,170.4,96.2,379.8,261.2,44.2,46.4,12,22.8,19.4,4.2,23,33.8,4.4,22,4.6,6,29.6,11.4,24,2221.8],
[23.6,30.2,12.6,19.2,56.2,22.8,48.2,52,82.6,93,181.4,226.2,70.2,14.6,103.4,54,64,92.2,18,5,10,4.2,3.8,10,20.8,160.8,114.6,413.2,253.4,43.6,29.6,12,22.8,21,7.8,44.2,76.8,4,20.6,3.8,7.6,15.2,6.8,79.8,2655.8],
[21,27,9,11,49.8,22.8,35.4,32.6,53.2,57.4,106.2,162,82.4,108.2,11,62,67,100.2,12.2,3.6,9.4,3.6,1.4,6.6,15.4,108.6,56.2,201.2,160.4,29,18.6,10.6,13,14.8,4,15.4,28.6,3.2,22.4,3.6,4.2,17.6,3,24.4,1809.2],
[10.6,15.4,5.8,4.8,25,10.8,19.4,19.6,22,35.8,51.2,93.6,26.8,52.2,53.2,8,29.2,65,4.2,1.8,3.2,0.8,0.6,4.4,6.8,64.2,38,146.4,113.4,19.8,18,7.8,13,11.2,3.2,14.8,15,2,10.6,2.6,6,7.6,2.8,12,1078.5999999999997],
[7.8,17.8,11.8,11.4,39,18.8,21.2,21.2,31,46.6,40.6,131.2,27.2,72,60.4,27,13.2,66.8,8.2,4.8,3.6,2.8,3,6.6,5,137,82.8,243.4,151.2,27.8,19.4,9,15.4,14.2,0.8,9.2,26.4,2.8,12.4,3.8,4.2,22,3.6,14.4,1498.8000000000004],
[14.4,44,33.2,24.4,152.2,34.6,39.4,41.6,56.6,58.8,71.6,309.4,48,94.4,98.8,64.4,75.2,28.6,20.4,14,18,6.2,3.2,15.4,11.2,283.6,154.8,536,415,55.4,34.4,19.6,20.4,29.8,3.6,16.8,40.2,5.2,32.4,5,4.8,53,4,19.4,3111.400000000001],
[16.6,19.8,16.4,12.8,36.8,10.4,47.6,30.8,41,6.8,22.8,97.6,7.2,16.2,11.4,2.8,9.2,20.6,15.8,41.8,155.4,52.2,18,39.6,8.2,185.6,85.6,312.6,268.4,50.2,35.2,19.8,22,26,10,3.6,10.8,17.4,173.8,10.6,12,73,14.6,3.4,2092.3999999999996],
[3.6,8.2,6,9,28.4,10.2,27.8,31,33.2,5.6,10.6,112.4,7.6,4.8,7.4,1,4.2,12.6,42.2,23.6,71,23.8,15.2,38.6,4,267.4,126.8,312,269.6,49,31.2,22.8,11.4,21.8,6,1.8,6.2,11.2,52,5.8,4.8,130,12.8,2,1886.5999999999997],
[14.4,19.4,11.4,16.8,57.8,18.4,43.6,37,38,18.6,27,141.2,8.8,10.8,9.2,3.2,4.8,18,167,76.6,13.4,31,18.2,82.4,9.8,377.6,168.2,410.2,363.8,68,42.2,26.8,17.8,25.4,7.6,1.8,3.6,17.8,85.8,6.2,6.6,136,21.4,2.2,2685.8000000000006],
[5.8,6.6,8,9.4,32.4,9.8,16,21.8,20.6,6.8,10.2,63.4,1.2,4.2,4.2,0.6,3.2,7,56.4,25.2,33.6,9.2,13,39,2.8,196,114.6,203.6,214.8,38.2,24.4,11.2,7.8,11.4,1,1,2,3,23.2,3.2,1.8,74.6,7.4,0.4,1350.0000000000005],
[3.2,4.4,9.6,6.4,25.8,6.6,17.4,13.8,21,5.8,9.2,56,4.2,4.2,1,0.8,2,4.6,23.4,18.8,23.4,14.6,6,39.8,3,190.4,88.2,175.2,171.2,32.2,19.8,11.2,7,10.8,2.6,0.2,3.4,2.2,6.8,1.2,1.8,64,4.4,1.8,1119.4],
[11.4,16.8,25.4,15.6,31,17.2,44,72.6,58.8,22,30,90,9.2,12.2,8,2.8,4.8,11.2,37.2,45,74.2,42,39,11.6,20.6,380.4,227.4,495,589,186,95,31.6,17,20.2,4.4,1.6,6.8,8,24.8,3.8,5,145,25.4,3.6,3022.6000000000004],
[16.8,19,8.2,10.8,53,30.6,48.4,39.6,57.8,25.4,73.2,80.8,19.4,22.2,14,6,6.8,8.4,6.8,5.4,8.4,2.4,2.8,19.2,11.6,462,289,792.8,672,213.8,130.6,25.8,29.2,23,5.4,5.6,11.4,2,17.6,5.6,9,52.4,9,3.6,3356.7999999999997],
[142.6,323,222,394,819.6,275.2,473.8,342.2,372.4,282.4,343.4,364.4,213,226.2,130.8,76.2,183,393,229.8,331.6,439.6,250.2,223,479.2,583.2,101.6,34.6,304.6,315.8,461,574.6,364.8,426.2,369,116.2,167.4,681.2,121,236.6,96.8,114,517.2,398.8,191.4,13706.6],
[84.6,192.6,134.8,203.6,375.8,169,302.4,245.8,259.4,222,232.4,197.6,123.8,145.4,69.4,46.8,105.4,199.4,114.6,157.2,195,112.8,92.2,270.8,368,28.8,47,57.8,102.8,383.2,425.8,335,716,256.8,107.6,86.8,202.2,58.4,134,69.6,79.8,413.8,190,64.8,8381],
[222.8,496.4,271.4,327,874,307.8,531.2,370,487.6,444.8,584.2,527.8,331,344.4,203.6,125.6,218.4,432.6,259.4,272.8,327.6,173.2,154.4,419,771.6,286.8,54.4,143.8,283,1279.8,1433.8,816.6,1470.4,963.6,314.4,157.6,528.8,111.2,308.2,230,243.2,1544.8,581.6,162.8,20393.399999999994],
[186.4,371.4,237.6,295.4,623,318.6,524.4,350.6,298.2,299.6,504.4,345.4,232,238.6,142,114.8,136.4,370.4,266.4,236.6,304.8,207.4,151.6,466,667.8,232.2,129.2,300,114.4,771,974.2,543.6,699,687.8,227.2,147.6,449.4,127.2,306.2,216.8,286.8,659,851.4,116.8,15729.6],
[50,68,49.8,103.8,179.2,138,249.2,177.6,113.6,119,130.2,94.8,32.2,29.8,23.2,15.4,16,42.6,38.4,36.4,60.8,32.6,29,123.2,179.8,416.4,340,1436.8,853.6,44.8,233.2,229.6,339.6,189.4,74.8,23.8,55,17.2,39.2,50,81.6,294.4,169.2,19.8,7041.000000000001],
[65.8,57.6,33.6,69.6,116.6,88.4,164.8,116,99,100.2,124.8,95.2,41.2,32.2,23.8,16.6,16.8,34,34.6,30.8,40.4,21.4,20,89.8,126,475.2,363.8,1624.8,1056,212.2,61,161.4,324.4,161,79.8,17,47.8,8.8,40.4,42.4,108.2,259.8,118.4,13.8,6835.399999999999],
[22.4,29.2,13.6,23,48.4,28,40.6,36.4,27,28.8,28,52.4,18.2,13.2,7.2,7.2,8,16.4,18.6,17,23,14.4,8.6,28.8,28,298.2,210.6,999.8,542.6,233,189.6,27.6,49.6,45.6,36.8,8.6,23.6,9,26,20.6,46.8,130.4,63.4,7.8,3556],
[32,42.6,8.4,13.4,43.8,20.2,32.6,26.4,37.2,35.6,39.6,59,22.6,25.6,11.2,8.4,11,23,24.6,9.2,19.8,4,4.4,10.6,34.4,366,338.8,1906,597.4,329.2,299.2,51.8,35.2,58.8,63.8,8.8,23.6,5.4,36.4,28.6,101.4,101.4,73.6,8.4,5033.4],
[20.2,30,11.4,15.6,49.2,14.4,29.4,27.6,31.8,33.8,29,75,18.4,17,14,11.6,18.6,24,26.4,16,29.2,8.4,8.6,17.8,32,303.4,207.2,1071.8,720.2,227,180.2,51,72.6,20,31,13,39,8.4,32.8,29.2,86.6,170.8,105.6,11.8,3991],
[7,17,5,3.8,8,3.6,11.6,8,14.8,5.6,9,13,2.6,6.6,3.2,3.8,1.6,5.8,11.8,8.4,8,1.2,2.8,3.8,7.2,105,82.6,369.2,238.6,79,85.4,39,66.6,28.4,9.2,1.6,4.8,2,17.6,11,51.8,89,35.4,0.8,1490.1999999999998],
[4.2,4.4,2.6,4.4,15.2,5.4,7.4,10.4,7.8,46.6,39.4,109,27.4,52.2,12.6,12.8,12.4,17,4.8,2.4,1.6,1,1.2,2,7.2,129.6,74.6,185.4,154.4,26.6,18.8,10.2,9.8,8.6,2.4,4.8,53.2,0.4,4.2,1.6,2.4,16.8,2.4,68.6,1186.2],
[9.8,13.2,7.8,8,49.8,9.2,19.6,26.6,20,66.6,54.6,454,32.2,75,25.8,15,24.8,38,8.4,3.6,7,1.8,1,7,9.8,569.2,195.8,627.6,440.6,64.4,44.6,31,24.8,40.8,6.2,55.8,27.6,2.2,8.6,3.2,6.8,110.6,11.4,27.8,3287.6],
[2,1.8,1.2,1.4,10,1.8,11.4,8.8,9.6,1.8,5.6,44.4,3.6,2.8,2.6,2.8,2.4,4.6,17.8,9,16.4,2.8,1.8,8,2.4,86.8,47.4,120.4,129.6,21.6,8.6,6.4,6.4,12,1.8,0.4,2.6,3.4,24.8,3.6,2.8,31.6,3.8,0.6,691.3999999999999],
[29.6,35.2,6.8,9.8,26.8,26.4,85.2,38.8,44,10.2,42.4,135.2,21,26,21.2,11.4,14.6,28.6,182.4,58,94.4,22.8,11.2,30,19.4,192.2,108.8,378.8,320.2,50.8,45,22,37.4,30.4,14.2,6.4,8.6,28.8,18,18.6,16.2,80.6,16.2,4.6,2429.2],
[7.8,7,2.6,5,8.6,2.6,7.6,7,6.2,4.8,8.2,15.6,5.8,7,2.6,1.8,2.2,5.2,10.6,5.4,7.4,3.4,0.8,3,6.6,78.8,57.4,256.2,207.8,57.4,41.4,23.4,33.2,25.8,8.2,1,4,3.2,15.4,6,28.6,46.2,12.6,1.6,1052.9999999999998],
[9.8,11.6,2.8,3,9.6,6.2,8.8,11,15.2,4.4,9.8,18.8,8.6,6,4.6,2.6,4.6,4,13.4,6.4,5.6,1,1.4,5,8.4,100.2,75.4,287.4,263.8,95.8,102.6,52.2,100,88.6,50,1.8,6.6,2,16.2,30,10.6,59.2,32.8,2.2,1559.9999999999998],
[22.4,40.2,30,63.8,137.2,34.4,62.2,39.2,78,19.2,26.2,39.4,18.8,10,6.2,6,13.6,25.2,56,74.8,109.8,70.8,55.8,101.2,42.4,401,352.6,1406.6,436.2,182,141.8,63.8,72.4,98,48.8,14,87.6,23,61.6,19,27.4,62,211.6,25.6,4917.800000000001],
[13.8,16.6,19,19.8,91.2,15.8,23.6,25,30.8,12.8,17.8,27,8.4,4.8,5.4,3.8,3.4,4.8,15.4,11,18.6,10.6,7,23,13.2,281,157.2,690,823.6,223,143.2,62.4,85.2,110.8,34.8,2.2,12,6,18,12.8,37.6,434.8,18.8,4,3600.0000000000005],
[2,5.2,6.6,5,14,2.4,8.4,10.4,9.4,35,40.4,150.6,24.2,78.4,24,12.2,12.4,17.6,4.6,2,3.4,0.4,0.6,5.6,4,179.6,72.6,194.8,149.6,26.2,15.6,9.6,8.4,12.6,1.2,68.8,17.6,0,3,1.8,2.8,43.8,3.4,9,1299.1999999999996],
[1819.5999999999997,2960.599999999999,2000.5999999999992,2364.8000000000006,5806.200000000001,2693.8,3991.0000000000005,3139.6,3445.7999999999997,2874.2,3928.6,6238.5999999999985,2127.8,2659.2000000000003,1776.6,1072.6,1477.0000000000002,3053.5999999999995,2092.5999999999995,1820.6000000000004,2552.4000000000005,1338.0000000000002,1074.1999999999998,2789,3513.2,10933.000000000002,6674.200000000001,23113.399999999998,16482.8,7348.799999999999,6743.600000000001,3488.4,5199.4,3840.4,1389,1182.6000000000001,3273.9999999999995,719.1999999999999,2307,1030.6000000000001,1514.7999999999997,6854.000000000001,3331.4000000000005,1213.7999999999993,175250.60000000003]]
}