{
  "rows":["RM","EN","EP","NB","BK","AS","MA",19,12,"LM","FV","CL","SL","BF","HY","SH","UC","FM","CN","PH","WC","LF","OR","RR","OW","EM","MT","PL","CC",16,24,"GP","BP","DC","CM","CV","ED","NC","WP","SS","SB","SO","MB","WD","Entries"],
  "cols":["RM","EN","EP","NB","BK","AS","MA",19,12,"LM","FV","CL","SL","BF","HY","SH","UC","FM","CN","PH","WC","LF","OR","RR","OW","EM","MT","PL","CC",16,24,"GP","BP","DC","CM","CV","ED","NC","WP","SS","SB","SO","MB","WD","Exits"],
  "data":[[9,76.4,79.8,44.6,246.2,87.6,103.2,54,75.2,20.2,82,74.2,29.4,32.8,25.4,12.4,12.4,19.8,24.6,6.4,12.8,9.4,5,14.4,21.2,135.6,90.2,315.6,149.2,91,96.8,23,41.8,27,11,5,11.4,4.6,34.2,9,12.8,23.2,13.4,3.4,2276.600000000001],
[82.2,16.2,77,60.2,405,127.6,131,87.8,141.6,30.4,112.2,191.4,38.8,48.2,37.4,16.2,24.2,55.2,31.4,14.6,28.6,7,6.4,26.8,36.4,324.2,237,712.4,314.2,141.2,114.2,38.6,65,53.8,23.6,8.2,20.6,2.2,39.8,12.6,13.6,69.2,25.4,9.4,4058.9999999999995],
[84.4,77.6,7.4,48.8,351.8,71,74.8,77.8,107,28.6,51,84.8,16.8,19.4,10.4,6,7.8,28.8,14.4,9.4,14.2,11.6,8,28,14.2,200.8,142.8,359.4,172.8,112.6,57.2,17.6,15.8,18.4,4,6.6,6.8,1.6,11.6,3.6,3.6,51.4,16.8,10.4,2467.8],
[60.4,62.4,47.8,12.2,122.8,57,68.8,80.6,87.6,30.2,56.8,100.8,17.4,24.2,17,6.6,14.8,28.4,15.6,11.8,17,8.4,6.6,20.4,16.4,315.2,205.8,409.4,272,214.8,109.6,27.8,21.2,17.6,5.2,5.8,12,1.6,9,3.4,3.8,80.8,22.6,9,2738.6],
[256.4,401.2,383.8,140.4,36,272.6,298.8,273.4,265.4,106.4,178,226.4,81.2,85.2,70,47.8,60,211.2,61,57.8,97,51,40,44.4,81.8,857.8,486,1247.2,675.8,488.8,249.6,90.6,62.2,88.6,12.6,30,77.6,15.8,64.2,13.8,21.6,190.4,120,28.6,8648.400000000001],
[96.6,123,66.4,51.8,229.2,14.4,109.6,136.8,141.6,47.8,109,117,35.6,36,30.6,18,15.2,41,21.6,13.2,19,11.6,9.6,15.6,45.8,264,174.4,384.6,282.6,280.2,138,26.4,22,15,5.2,5.4,14.2,2,25.4,4.2,6.8,44.2,12.6,6,3269.199999999999],
[105.2,144,77,58.4,274,107.6,19,93.8,108.6,26.2,127.6,196.4,48.2,67.2,45.4,27.2,27.2,44.8,58,35,48.4,24,23,51.2,60.4,417.2,303.2,716.8,475.8,451,204.8,37.2,43,35,11.6,13.2,18.2,11.2,90.4,8.8,11.4,83.8,29.2,9.8,4869.4],
[55.6,102,68.8,74.4,248.8,159.2,95,14.4,19,16,85.6,135.8,51.2,67,47.8,24.2,27.2,37,41.2,33.6,45.6,24.8,23.8,76,48,268.4,228.2,502.6,358.2,283.2,164.8,40.8,37.6,29.4,11.6,14.4,19.6,11.6,47.6,7,9.2,40,20,4.4,3720.599999999999],
[72.4,141.2,96.6,81.6,241.6,142.2,101.4,21.4,19,15.6,114,194,79.6,109.8,77.8,38.6,49.2,66.2,62.8,52,60.6,23.6,27.6,66.4,81.4,365.8,301,738.2,388.4,222.8,134,38.6,65.6,45.8,20.6,15.4,25.8,16.2,67.8,9.6,19.6,71.8,38.6,9.2,4631.4000000000015],
[14.2,29.8,22,29.2,95.8,47,31.2,9.8,14.6,12.2,83.4,189.6,133.6,145.8,54.2,30.2,36.6,73.4,7.2,7.6,11.8,8,5,15,28.6,292.6,242.6,562.6,299.2,209.2,106.8,28.6,46.8,34.8,3.8,66,75.2,5.6,10.2,3.8,4.8,25,10,40,3203.4],
[74.8,112.4,54,59.4,186.4,104.2,127.4,77.4,121.4,68.4,18.8,247.8,152.6,258.4,149,72.6,54.6,89.2,37,21.6,37.6,18.2,22.2,45.2,102.6,370.6,271.4,707.4,420.8,246.4,182,33.8,51.6,42.8,13,59.4,82,9.2,52,11,14.2,40.8,20.2,58.6,5000.399999999999],
[86.2,198,102.6,106.6,238.8,125.8,205.6,153.8,217.2,157,241.2,33.8,191.6,288.2,220.2,100,155,341.6,110.6,147.8,150.2,83.2,53.8,86.4,103.6,334.6,210,556.4,340.6,145.8,124,50.8,58,63.2,15.6,134.6,523.2,74.4,133.2,15.6,19.8,49.4,38,174.6,6960.6],
[27.2,44.4,23,19.6,81.8,37.8,62.4,65.4,92,121.4,144.2,203,12,124,110.8,52.2,40,57.6,16.8,11.4,12.4,2,4,15,35.2,206.4,151.8,436.6,188,88.8,51.4,21.2,32.6,23.2,7,29.2,36.8,6.8,22.6,7.8,7.4,32.8,13.4,24.2,2803.6000000000004],
[28.4,47.2,16.4,24,84.6,35.2,73.6,76.4,117.2,132,271.4,289.8,122.6,11.8,145,80,87.4,124.6,14,7.6,11.2,5.2,5,13.6,34.6,191.2,131.4,428.2,178.2,76.6,54.4,14,33.2,26.2,11.6,57,98.6,3.4,23,5.6,11,23.2,5.6,102,3333.1999999999985],
[27.4,38.2,9.8,14.8,74.4,32.6,54,50.6,83.6,52.8,150.4,196.6,111.2,165,9,89.6,95.8,150.8,15.2,7.8,12.2,4.8,3.8,10.2,24,114.6,72.8,248.8,121.8,46.4,34.2,14.4,15,20.6,4.8,23.8,38.8,3.4,32.4,3.2,7,14.4,7,30.4,2338.4],
[14,19,8,9.6,47.2,12.4,23.6,28,38.2,27,68,100.8,58.6,85.6,84,9.6,41.2,86.6,7,3.4,5.4,2,3.4,5.6,8.8,90.4,56.6,187.6,76,29.8,29.6,9.2,13,20.2,3.8,20.6,32.4,2,10.8,4.6,4.6,7.2,5.6,19.4,1420.3999999999996],
[12,22.4,9.4,13.2,67.8,14,30,28.4,50.4,36.8,58.2,149.4,44.8,88.4,99,50.2,9.6,107.6,11.8,5.6,5.6,4,4.8,6.8,11,183.8,95.6,286,102.2,46.6,27,10,19.8,26.6,6.6,16.6,31.8,4.8,13.8,3,6.2,18.8,3,17,1860.3999999999994],
[21.8,51.6,28.6,30.6,267.2,44.8,49.4,48.8,74.6,72.2,101.4,315.6,50.6,137.4,165.2,104.8,110.8,30.6,20.6,19.6,14.6,7,5.8,21.4,15.2,338.6,205.8,609.4,239.8,97.8,46,18.2,24.6,34.4,9,22.6,60.6,3.8,28.2,3.4,8.4,36.8,10.6,22.2,3630.4],
[24.6,27.6,14,18.6,60.4,22.4,60.2,44.2,70.8,13.8,37.4,105.8,15.8,18,11.6,9,9.6,20.8,12,67.8,195,62.4,23.4,48.2,12.6,230.6,118.4,345.4,172.6,63.2,56,24.8,26,28.2,13.4,6,11.6,18.4,236.6,10.2,12.6,74.4,18.8,5,2478.2],
[5.8,13.4,9.2,13.2,64.6,11.6,38.4,36.2,47,10.8,24.6,129.8,12.2,7.6,8.2,2.8,4.6,18.8,57,18.6,94,26.2,21.6,58.4,8.8,344.4,175,358.4,183.8,65.6,32,21,17,22,10.4,4.2,8.4,10.6,73.4,7,8.4,107.6,12.8,2.8,2208.2000000000007],
[17.4,23.6,15.8,17,102.2,20.2,56.4,52,61.6,11.8,36.4,153.2,12.4,11.6,12.2,6.6,3.8,14.2,241.8,103.8,16,51,26,113,12.6,413.2,243.6,462.6,258.8,106,49.4,22.6,26.2,24.8,12.4,2.2,5.4,30.2,131.2,8,8,120,21.2,3.2,3141.5999999999995],
[9.6,8.2,10.2,11.2,49.6,12.6,21.6,30.2,30.6,5.8,18.6,73.8,5.2,3.6,5.8,0.8,4,10.8,82.2,28.6,42.6,13,10,78.6,4.8,254,143.4,255.6,150.8,52.4,21.2,9,10,12,3.8,1.6,3.6,4,26.4,2.4,4.2,76.8,10.2,1.4,1614.8000000000002],
[4.4,4.4,7.8,6.2,47.4,9.6,27.8,20.2,28.6,4.2,22,50.6,4,3.2,1.8,4.2,3.6,18.2,23.8,21.8,26.4,11.8,5.8,48.6,2.2,188.4,115,192.6,118,56,22.2,11.6,7.8,10,3.8,1,2.4,4.8,12.8,1,1.4,46.2,5.8,1.6,1210.9999999999998],
[11,28.2,33,23.8,52.2,22.2,52.2,90.6,69.4,15.4,45.2,83.8,13.8,13.6,8.8,4.6,6,20.6,49,61.4,105.6,71.6,58.8,20,26,394.8,286.4,544.6,376.6,299.4,128.4,36.8,17.8,17.8,4.2,6.8,6.2,11.4,31.2,3.6,4.8,105.6,26,2.8,3292.0000000000005],
[18.2,32,13.2,15.4,73.4,38.6,60.4,44,77.6,19.6,93.4,89.6,30.2,37.6,22,8.4,9.6,11.4,10.8,8.6,11,3.2,2.8,19.6,12.6,516.2,420.2,933.8,485.4,348.6,164,29.8,37.4,21.8,9.2,8.2,15.2,2,23.4,8.4,13.2,44,13,5.2,3862.2],
[159.2,394.4,247.8,413.2,1100.6,349,567.2,403.8,501.6,351.8,427,406.8,244.6,221.8,152.6,112.8,204,445.8,286.8,420.8,513.4,296,237.4,546.2,627.4,84.8,53.6,385,229.4,617,720.2,403.6,535.2,389.4,147.6,179.6,815.4,125.6,259.8,113.4,143.4,519,354.8,238.8,15947.6],
[121.2,277.6,164.6,237.6,545.4,221,378.8,297.8,366,283,321.4,248.4,172.4,179.2,97.6,72.8,132.4,232.4,139.8,220.4,270.4,151,120.8,342,498.2,50.6,57.2,69.8,120,626,644.2,465.8,1096,408.8,144.6,114.8,266.4,68.2,134.8,117.2,118.6,402.4,231.8,98,11327.399999999998],
[284,656.8,321.6,406.8,1173.2,357.6,657.4,500.4,634.2,491.4,644.4,529.8,387.8,397.2,229.2,185,258.4,509,301.6,327.8,425.4,234.8,186.2,500.6,951.2,401.8,63.6,141.4,289.2,1783.4,1851.4,1093.2,1989.6,1246.8,418.2,196.6,639.4,128.6,356,295.4,321.6,1695.6,714.2,210.4,25388.199999999997],
[143.6,314.8,162.6,250.4,668.6,305.4,453.6,358.4,325.8,257.8,421.2,299.6,174.8,193,110.4,82.4,103.8,257.2,174.4,178.8,239.6,149.4,103.8,347,504.4,186.4,115.4,260.6,87.8,718,834.4,404.2,655.8,479,180,99.2,320.4,79.2,216.4,147.8,196.4,551.2,447,99,12659],
[91.2,148.8,115.6,226.4,511.8,306.8,509.6,344.2,224.6,205.6,243.8,148.6,82.6,62.8,61.8,36.2,39.8,103.2,67,67.2,107.6,50.8,49.2,296.2,394,572.4,479.6,1950.8,892.2,48.8,345.4,421.8,578.4,379,124.6,41.6,115.2,31.2,67,107.8,131.4,222,337.8,40.8,11383.199999999997],
[84.4,107,60.2,100.6,266.2,133.4,228.6,177.8,123,97.8,180.4,109.2,51,44.8,33.2,23.6,26.8,49.2,46.6,37,54.4,18.4,23.8,115.6,175.4,603.8,478.8,2039.2,870.2,298,54.8,257.8,465.6,255.2,119.2,19.6,50,14.2,55,77.8,155,165.4,176.6,16.2,8540.800000000001],
[19.6,34.4,17.6,25,90,25.6,45.2,46.4,36.2,23.4,30.8,43.4,15.6,15,14,6,10,17.8,26,19.8,22.6,12.8,10.8,33.8,38,340.4,286,1227,346.8,356.8,251.6,20.6,66.4,57.2,40.8,9.4,27,5.6,26.2,22,62.4,90,71.4,8.2,3995.6],
[37,57.2,12.4,20.4,67.6,23,40.4,36.2,55.6,43.2,54.6,51.6,22.8,25.2,15.6,13.2,14.4,19,25.2,15.6,20.6,7.8,7.2,18.8,31.4,446.8,430.4,2381.4,530.6,481.2,430.4,61,42.4,77.2,72.4,12.8,28,9.6,40,41.2,121.8,85.6,81,8,6117.8],
[23.8,48.4,16,19,96,16.6,36.2,35.4,44.6,29,51.2,57,25.8,30.8,17.6,15.6,21.4,33.4,32.8,22.8,23,12.2,10,22.2,24.6,356.6,299.4,1417.6,440.2,348.2,275,64.8,114.6,20.2,38,17.2,37.6,7.4,33.8,34.2,118.2,157.2,113,10.4,4668.999999999999],
[8.4,18.2,6,5.4,12.6,5.4,12.6,10.6,23.4,6.4,12.4,11.4,4.6,10.6,4.4,3.2,4.2,8,11.6,8.4,13,3.2,3.8,4.4,8.6,116.6,96.8,472.4,182,106.6,108.4,40.8,79,38.4,6.4,2.2,5.2,4.6,18.2,14,60.6,89.4,42.4,2.6,1707.4],
[5,8.4,7.6,6,33.2,5.6,15.4,15.8,18.6,60.2,55.8,131.2,27.6,70.6,26,15.6,17.6,21.8,3.2,3.4,3.2,0.6,0.4,6.6,7,149.2,95,227.4,103.8,39.6,22,11,11.2,17.2,3.2,6.2,64.6,0.6,4,1.6,3.8,16.8,4.6,79.2,1427.3999999999999],
[11.4,17.6,8.4,10.2,87.8,12.2,21.6,23.4,31.6,69.6,92.8,491.4,39.2,118.8,45.2,29.2,32.6,65.4,13.6,9,5.6,2.2,1.2,9,15.2,671.4,254.6,658.2,296.8,110.6,52.6,24.6,32.8,41.2,6.6,73.2,24.6,2.2,11.4,5.2,8,111,15.2,27,3691.3999999999987],
[4,2.6,2.2,3.4,14.4,2.4,15.4,9,18,4.6,4.6,68.4,5.2,2.8,2.6,2,3,4.4,23,11.2,26.8,5,4.4,14.4,3.2,109.8,64.4,137.8,70.4,28.6,13.2,6,9,10.2,2.8,0.6,1.2,5.4,31.4,2.8,1.6,32.6,7.6,0.8,793.2],
[42.6,46.8,10.4,8.4,73,31.2,112.6,47.6,84,9.2,56,147.6,26.6,27.8,31,14.8,13,29.8,241.2,83.2,122.2,26.4,12.8,41.8,30.6,243,128.8,395.6,226.2,72,71.4,22.4,44,36,21.4,6,11,30.6,19.2,18.8,15,96,20.4,4.2,2852.6],
[6.6,14.6,4,3.8,12,3.8,9,6.6,12,6,9.8,14.8,6.6,6.6,2.8,5.8,5.4,3.8,12,5.8,11.2,4.6,1.4,4.6,7.2,95.6,87.8,320.8,128.6,87.2,78.8,25.2,49.4,39.2,10.8,4.8,4.8,3.4,16.4,8.4,34.8,32,16,3,1227.8000000000002],
[9.6,17,2.4,3,17.6,6.4,11.8,11.6,21,5.4,17.8,19.8,6.4,11.2,7.2,4.8,4,8,13,10.4,7,2.8,5,5.4,12.6,130.8,87,355.6,185.2,117.8,149.4,63.6,121.2,128.6,60.4,4.2,7.8,2.4,18.8,40.4,10,42.2,48.4,3,1818.0000000000002],
[24,56,44.4,72,167.2,52.2,75.6,40.6,65,22.2,29.4,36.4,25.8,16.4,11.4,7.6,15.4,27.6,64.2,86.4,99.8,68.4,51.6,90,56.8,402.4,276.6,1339,436,188.2,158.2,80,101.2,130.2,69.8,17.6,83.8,32.8,71.6,30.2,39.4,55.4,287,25.4,5131.199999999999],
[13.8,24.2,18.8,25.6,128.2,19.6,26,19.2,35.8,14.2,24.4,35.2,9.4,8.2,7.8,3.8,6.2,11.8,24.8,18.2,19.4,10.8,6.2,28.8,15.6,288.4,212,738.6,370.8,322,178.4,66.6,97.6,124.6,43,3.4,13.6,7.2,18.4,21.4,48.4,306.4,27.4,5.4,3449.6000000000004],
[3.8,11.4,9.6,6.2,31.8,9.2,10.6,7.8,13.6,38.2,50.2,175.6,34.2,106.2,33.6,21.2,19.4,21.6,5.2,3.2,4,0.4,1.6,5,6.2,217.4,98.6,220.6,109.6,39.6,17,10,8.8,15.6,3,88.2,21.8,1.2,4.8,2,3,34.2,4.6,10.4,1540.1999999999998],
[2312.4000000000005,4100.599999999999,2513.7999999999997,2828.2000000000003,8846.400000000001,3516.5999999999995,5203.4000000000015,4088.6000000000004,4794.4000000000015,3101.599999999999,5058.8,6760,2732.3999999999996,3438.5999999999995,2372.5999999999995,1478.1999999999996,1842.0000000000002,3578.4,2559.399999999999,2326.2,3084,1602.6000000000001,1243.8,3381.2000000000007,4256.4000000000015,13081.599999999997,8774.2,27240.999999999993,12717.400000000001,10653.800000000005,8654.4,4239.400000000001,6909.2,4653.199999999999,1750.6000000000001,1461.0000000000002,3776.2000000000003,821.6000000000003,2654.4000000000005,1272.2,1831.8,6182.199999999999,3521.0000000000005,1491.4000000000005,208707.2]]
}