{
  "rows":["RM","EN","EP","NB","BK","AS","MA",19,12,"LM","FV","CL","SL","BF","HY","SH","UC","FM","CN","PH","WC","LF","OR","RR","OW","EM","MT","PL","CC",16,24,"GP","BP","DC","CM","CV","ED","NC","WP","SS","SB","SO","MB","WD","Entries"],
  "cols":["RM","EN","EP","NB","BK","AS","MA",19,12,"LM","FV","CL","SL","BF","HY","SH","UC","FM","CN","PH","WC","LF","OR","RR","OW","EM","MT","PL","CC",16,24,"GP","BP","DC","CM","CV","ED","NC","WP","SS","SB","SO","MB","WD","Exits"],
  "data":[[11.45,139.2,109.15,102.95,408.7,119.75,164.4,140.2,195.75,44.55,102,98.15,50.75,39.65,35.7,24.65,17.55,31.4,29.6,16.15,23.95,15.4,10.45,20.6,34.85,283.45,281.55,400.15,276.45,133.05,133.4,35.15,52.9,33.85,13.2,7.8,20.75,7.1,50.95,7.95,23.95,37.95,31.2,4.2,3821.9499999999994],
[151.7,15.9,108.75,111.55,901.25,165.2,303.3,503.2,656.75,115.8,168.4,189.15,70.1,62.5,74.35,37.9,45,94.1,42.5,21.45,49.85,16.65,13.85,39.2,54.3,902.35,978.25,926.4,725.3,206.3,182.25,54.65,79.9,78,30.6,12.4,41.5,8.65,44.2,29.35,43.35,85.35,52.45,19.45,8513.400000000001],
[113,90.25,11,68.8,647.5,95.75,149.6,257.45,304.55,68.35,63.95,86.15,26.8,19,24.15,10.5,15.3,44.8,24.7,17.5,31.85,11.2,10.2,34.9,19.7,556.85,623.7,428.2,363.5,111.75,56.3,30.4,28.65,28.75,5.6,8.4,23.4,5,13.45,7.95,7.7,61.45,28,11.6,4647.599999999998],
[103.35,104.95,72.55,12.8,183.15,71.05,101,231.3,257.05,61.65,78.7,92.5,29.4,24.15,30.9,12.3,17.7,31.7,22.65,19.35,34.75,11.8,10.85,23.45,22.5,730.6,752.7,480.9,466.85,156.35,102.8,35.85,30.85,25.3,8.45,7.8,17.1,3.5,15.95,4.5,13,89,37.25,5.75,4646.050000000002],
[437.7,935.75,664.15,197.8,35.85,383.75,470.2,545.3,607.7,226.8,323.9,274.5,181.75,153.4,154.6,106.5,153.9,337.1,146.35,160.75,159.85,97.75,67.05,63.8,112,1233.05,1061.55,1125.8,799.75,401.3,304.2,142.95,117.25,125.95,34.35,61.2,165.1,61,126.35,34.9,43.05,199.45,170.65,73.55,13279.6],
[118.15,144.4,92.65,74,322.7,16.2,117.2,256.75,258.65,76.05,126.95,114.1,47.45,43.15,49,24.65,32.95,69.25,27.6,21.4,32.5,14.6,9.35,18,41,665.5,710.25,478.75,474.9,245.45,140.05,38.35,35.9,30.5,9.85,13.55,26.65,8,36,6.6,15.15,61.3,33.45,10.4,5189.3],
[175.2,304.2,140.15,103.1,420.45,115.9,20.25,189.95,262.4,71.85,204.8,237,127.95,134.85,128.6,68.95,87.1,142.5,150.45,133.3,152.15,62,49.8,70.8,78.5,1017.85,1103.35,912.1,839.1,398.15,239.9,79.65,90.25,71.5,30.25,35.5,72.65,52.15,230.75,24.5,36.3,109.95,69.35,25.95,9071.4],
[157.25,518.8,259.05,237,517.2,253.9,178.6,19.7,55.5,45.1,175.5,219.9,221.5,211.2,203.8,157.3,202.7,379.45,295.4,338.5,280.25,157.5,100.5,184.2,75.25,1045.15,1068.05,836,815.7,367.25,275.7,140.4,110.6,134.25,68.65,83.05,195.6,175.2,262.25,69,50.6,65.9,104.75,91.85,11405.000000000002],
[210.35,640.9,298.35,267.55,534.3,264.25,250,49.1,29.25,48.9,237.4,364.6,338.1,337,326.7,184.55,249.9,407.25,310.5,329,288.45,170.55,119.2,198.8,102.1,1119.1,1103.95,981.7,870.3,320.65,291.05,165.9,154.55,161.5,107.15,110.65,245.85,170.4,300,79.4,80.4,116.3,143.85,121.65,13201.399999999996],
[42.55,108.65,67.9,61.65,213.1,71.1,76,42.6,47.7,12.65,171.4,249.2,271.7,251.65,175.15,107.1,126.35,182.85,40.8,28.45,36.9,13.95,10.35,34.3,46.25,776.4,779.65,666.2,514.1,205,134.1,54.2,80.5,67.25,10.95,121.45,184.45,14.2,49,10.65,10.55,32.55,20.15,81.4,6303.049999999999],
[110.65,154.3,71.4,77.8,319.15,132.9,204.8,187.35,250.3,156.8,22.55,318.4,241.9,275.75,263.5,111,99.4,166.3,57.3,35.85,60.6,23.7,32.95,58.8,134.4,855.05,857.1,889.55,733.3,262.45,200.95,62.9,97.75,64.2,16,76.45,141.9,15.75,67.15,12.4,29.2,65.35,29.1,67.25,8111.649999999999],
[102.05,185.9,85.9,95.35,290.25,124.5,244.2,258.85,391.85,226,322.35,19.4,173.75,254.4,239.4,119.65,138.7,260.7,101.15,100.8,121.15,57.15,44.2,78.65,121.65,644.7,530.25,594.85,461.1,138.35,127.05,55.9,64.3,74.05,18.95,107.1,348.05,53.6,141.3,21.85,28.1,64.85,37.35,138.95,7808.600000000003],
[50.95,75.05,30.2,30.35,182.35,52.6,143,235.5,350.7,276.7,255.85,178.35,14.1,134.1,188.75,84.5,79.75,142.45,43.4,22.05,27.8,12.15,8.5,23.5,41.25,725.1,669.8,557,450,105.25,85.2,41.7,52.15,46.3,10.05,56.9,96.15,10.1,47.35,9.7,11.95,39.6,19.7,45.3,5763.2],
[36.15,63.75,19.2,26.55,159.15,41.85,129.05,234.15,358.4,257.7,285.8,249.85,130.05,15,203.7,122.1,144.95,244.5,30.5,14.15,21.65,6.1,8.25,16.55,49.5,663.2,599.65,536.35,378.7,99.5,73.05,23.1,40.3,42.7,12.3,71.85,218.15,6.4,26.9,10.3,16.25,28.4,12,118.75,5846.45],
[40.95,77.05,29.15,30.35,143.7,47.8,127,205.85,309.35,164.65,269.75,239.15,183.2,220.25,11.45,129.55,204.65,335.65,33.1,27.85,25.4,9,6,16.6,40.65,448.75,424.35,340.95,274.2,79.5,54.25,27.55,32.15,31.6,7.85,32.2,87.9,10.7,54.75,9.95,10.55,22.15,7.25,43.55,4928.25],
[25.6,33.9,10.55,13.75,93.4,26.3,62.95,150,170.2,103.8,113.6,108.8,87.6,120.45,117.4,11.25,82,169.65,19.35,13.85,11.2,2.15,5.4,10.55,17,407.85,332.4,253.05,207.4,64.1,43.35,11.15,20.35,27.2,7.65,28.25,49.3,5.75,17.75,9.1,7.95,13.2,6.85,29.6,3122.95],
[17.85,45.2,19.25,21.1,150.75,40.15,88.3,203.4,245,123.8,105.35,145.3,86.4,155.1,217.8,91.3,19.95,199.6,18.9,16.15,16.65,4.15,6.1,13.05,14.35,851.5,658,394.6,250.15,66.3,30.05,15.05,24.4,32.55,7.2,23.05,72.85,6.65,21.6,5.9,6.55,25.1,6.2,33.2,4595.85],
[36.65,98.7,47.55,35.05,350.7,77.3,136.5,370.6,394,187.9,167.4,258.25,148.35,279.45,354.65,190.55,199,41.45,34.75,36.15,35.55,13.95,13.35,34.6,26.2,1710.05,1314.05,652.65,408.55,105.5,51.7,30.05,39.75,55,11,38.9,103.15,10.7,39.8,7.1,8.35,60.65,10.45,35.25,8261.25],
[31.05,42.05,23.7,23.45,142.9,31.25,151.25,295.3,321.45,38.15,57,96.15,44.95,30.55,35.3,19.1,17.85,33.2,15.9,125.5,342.7,115.4,46.95,94.75,22.25,884.5,855.25,525.85,423.3,94.6,79.85,37.75,45.6,57.85,24.2,8.25,13.95,64.05,384.45,19.95,29.2,102.2,27.1,7.35,5883.350000000002],
[17.3,22.5,18.8,17.8,155.75,23.15,126.85,325.35,316.6,26.35,36.2,94.15,21.6,13.1,27.7,15.3,15.65,34.3,121.1,19.65,141.2,50.1,28.95,114,16.65,1561.35,1411.25,602.45,456.75,109.95,60.25,68.8,33.95,56.5,20.15,3.55,8.5,33.8,135.3,19.75,29.95,153,26.4,5.55,6597.299999999999],
[24.35,51.35,31.75,37.65,159.8,38.3,159.75,291.55,301.1,34,54.75,120.35,27.6,23.3,24.3,16.35,16.3,33,371.55,148.65,21.65,66.4,45.1,184.3,23.8,1370.55,1191.95,562.4,390.1,91.55,64.4,47.85,38.4,60.7,24.75,8.7,8.05,89.45,270,24.55,23.45,166.45,30.55,4.55,6775.4],
[17.2,18.5,13.05,12.4,93.4,15.25,62.6,157.05,165.65,14.65,22.3,56.4,12.7,4.15,9.85,2.35,4.6,13.45,134.55,68.5,69.95,12.75,17.7,86.1,4.55,965.05,851.3,310.75,232.55,46.2,28.1,21.6,14,21.6,4.75,3.1,2.15,15.1,45.2,3.15,8.65,88.9,13.65,1.9,3767.35],
[11,17.95,10.45,11.25,69.15,12,53.3,97.4,120.85,11,31.3,41.85,8.25,8.05,6.25,3.9,6.4,11.65,49.3,35.05,47.25,22.9,13.85,70.75,6.05,802.75,679.05,229.1,206.45,42.3,30.05,22.55,18.1,17.05,4.3,1.85,3.25,7.75,23.9,5.8,5.95,72.2,11.5,3.55,2964.6000000000004],
[20.55,34.15,33.25,24,73.7,19.55,74.2,199.75,231.9,35.65,63.65,82.9,25.1,18.95,16.6,9.7,12.15,35.95,95.15,117,170.35,88.15,67.3,19.75,37.3,1254.95,1272,665.3,591.8,213.6,114.95,62.55,29.25,29,7.25,6.3,14.3,28.75,53.05,5.4,15.3,136,24.85,5.25,6136.550000000001],
[32.6,49.8,18.55,19.75,101.5,41.05,75.85,75,111.6,34.05,133.3,121.25,43,52.5,43,19.25,13.8,25.35,20.85,16.3,21.1,4.4,5.3,33.9,13.15,1524.25,1205.35,872.25,624.9,262.75,157.45,42.35,57.75,33.15,10.2,8.05,26.2,7.9,41.9,12.05,18.8,61.25,26.45,7.2,6126.399999999998],
[331.75,962.15,635.05,800.65,1489.6,829.25,1198,1337.2,1445.75,903.8,995.15,692.25,873.6,747.3,561.1,495.7,968.5,1936.1,1055.4,1924.75,1615.25,1056.85,854.8,1293.75,1735.75,189.15,126.3,574.85,543.95,1138.15,1808,1294.65,1591.4,1329.65,810,604.75,2029.2,612.15,819.8,650.55,604.75,578.85,1164.8,876.9,44087.30000000001],
[315.25,933.6,631,662.65,1054.2,744.65,1106.55,1081.5,1130.2,799.5,887.45,527.3,682.2,619.35,469.95,368.75,711.65,1371.2,881.95,1400.95,1121.55,768.9,619.15,1092.35,1281.35,146.7,131,200.4,490.55,1406.75,2322.5,1741.35,2593.9,1652.95,969.5,490.75,1310.25,476.3,700.35,776.15,648.5,549.6,1362.4,573.3,39806.350000000006],
[331.65,672.65,338.4,388.95,978.45,427.3,753.65,757.65,883.55,546.55,736.95,545.15,430.25,421.05,282.5,212.6,321.05,554.8,422.3,468.75,459.15,240.6,185.3,491.3,806.85,806.95,316.9,145.35,411.2,1594.25,1993.95,1277.2,2366.85,1273.1,645.4,220.7,630.45,234.45,428.15,446.4,425.7,1525.05,756.25,260.7,28416.4],
[239.15,574.85,315.95,370.15,639.9,429,702.15,656.7,658.55,425,654.85,402.7,376.05,335.6,254.5,194.8,240.95,375.65,357.4,392.15,305,207.3,166.8,472.95,604.7,531.2,463.2,359.7,79.4,741.85,1131.2,762,1383.35,704.55,476.7,195.25,466.9,192.05,425.3,359.35,312.7,583.15,486.95,178.85,20186.450000000004],
[122.45,162.35,96.85,148.25,389.75,233.8,369.2,347.55,309.2,187.4,237.7,138.65,94.35,89.85,78.9,66.05,63.95,105.1,89.3,102.45,82.45,43.3,40.95,186.05,256.75,1167.6,1370.65,1859.9,851.8,39.6,314,396.8,714.75,291.1,163.8,48.9,125.05,48,129.65,113.9,140.9,231.15,266.6,46.1,12362.849999999997],
[113.3,156.65,56.25,93.35,280.1,141.55,228.7,259.9,278.8,114.65,195.95,124.25,77.55,74.1,50.3,42.1,28.1,51.15,68.9,54,55.95,27.9,28.45,110,159.35,1522.95,1861.55,2293.05,1209.65,313.2,46.75,308.05,660.65,281.15,166.35,26.1,76.6,31.7,103.75,92.85,151.1,208.65,246.1,34.5,12506.000000000002],
[35.1,47.9,27.35,34.85,131.6,39.4,78.95,130.8,152.2,44.7,53.85,57.6,37.65,22,27.2,11.45,12.9,23.5,32.7,41.95,44.2,16.9,13.5,49.7,46.3,1152,1374.7,1465,697.65,376.1,312.65,28.6,128.15,78.25,65.7,15.05,51.65,10.15,44.75,35.8,72.85,113.1,142.15,17.3,7395.849999999999],
[51.5,78.4,25.55,30.4,103.95,38.9,79.1,99.75,130.1,77.25,90.5,63.4,45.8,36.2,30.95,21.7,22.9,34,41.8,31.4,34.65,12.3,14.7,27.35,63.4,1378.1,1649.65,2907.2,1253.6,633.3,631.85,127,55.1,122,122.85,12.65,53.65,17.95,60.15,73.55,130.5,104.5,141.25,18.75,10779.55],
[30.45,74,30.45,25.95,121.15,29.85,65.05,131.7,158.25,65.1,72.8,77.15,43.35,44.1,30.2,31.4,31.1,53.9,57.75,55.2,56.35,21.9,16.15,29.05,34.85,1271.9,1453.55,1505.8,729.35,301.85,287.2,84.9,136.7,26.85,51.1,16.2,92.3,22.9,47.9,60.7,143.1,178.65,218.9,28.6,8045.650000000001],
[13.35,28.4,6.3,6.35,33.6,10.3,27.85,71.4,102.85,13.55,13.2,20.2,10.15,12.45,7.85,6.4,8.4,10.35,23.15,18.05,24.15,6.55,5.15,6.85,14.25,787,862.85,757.75,465.1,161.85,165.1,68.3,124.4,42.65,14.2,2.95,22.7,8.7,24.25,17.1,65.45,89.6,107.1,3.05,4291.2],
[10.7,11.2,8.8,8.15,55.4,15.3,35.8,84.55,106.45,124.1,71.65,100.9,57.95,78.05,32.5,30.35,25.9,37.7,6.85,3.1,8.25,2.65,2.25,6.65,9,521.45,466.8,277.4,223.2,51.5,27.15,16.7,10.4,16.05,2.2,7.3,117.9,1.85,5,2.3,6.95,22.25,3.7,87.25,2801.5499999999997],
[24.45,44.85,22.8,19.25,160.05,26.2,69.35,194.85,236.45,181.1,147.95,345.7,97.4,215.35,94.4,46.05,75.6,101.25,10.7,8.45,8.35,3.75,3.25,14.7,25.3,1731.1,1314.9,702.9,513.45,133.8,77.7,52,60.15,93.05,23.15,128.85,24.35,2,12.85,21.25,19.05,135.7,20.1,34.5,7278.4],
[7.7,9.25,3.65,3.75,56.8,8.35,55.85,166.45,160.65,12.6,14,50.7,10.55,7.3,11.05,5.45,6.6,9.75,59.9,43,79.4,15.15,6.2,33.4,6,520.1,454.55,263.6,216.05,52.5,31.45,12.45,17.8,22.05,9.35,1.1,2.55,7.65,65.75,9.15,9.3,51.55,14.2,1.9,2606.5500000000006],
[47.45,52.3,13.45,15.35,121.7,34.8,238.95,257.85,305.2,42.25,66.5,142.95,43.8,31.9,49.8,17.4,21.55,39.65,379.7,153.75,262.6,45.4,27.8,62,41.6,676.75,637.35,537.3,505.75,138.8,108.1,53.1,67.7,49.1,29.25,5.35,11.55,73.7,17.65,26.8,43.5,121.3,27.4,6.1,5652.250000000002],
[8.8,26.3,7.15,4.95,34.85,6,25.5,63.3,74.55,10.05,13.3,22.05,8.95,8.4,10.6,9.6,6.75,6.9,21.95,18.1,24.6,3.3,6.05,7.05,9.6,624.05,688.3,511.35,351.95,109.55,99.75,36.85,79.95,54.45,15.8,4.1,23.1,10,24.75,10.7,46.5,40,58.05,4.9,3232.7499999999995],
[22.65,46.5,8.9,12.75,47.5,16.55,33.1,49.5,75.65,11.95,31.95,31.05,14.2,18.5,11.85,6.45,7.45,7.8,27.95,28.5,25.35,8.5,7.15,15.3,23.95,581.85,608.55,497.9,338.6,139.2,162.75,76.75,146.15,150.9,72.25,5.2,17.6,9.35,42.7,44.75,11.25,59,78.7,4.15,3638.599999999999],
[41.95,90.1,64.9,96.7,185.8,68.05,124.55,89.5,118.2,35.9,56.9,56.65,38.1,26.3,22.6,12.3,21.85,54.15,113.35,165.1,177.85,99.75,83.95,149.8,86.2,578.3,546.8,1315.05,545,235.9,226,119.15,113.5,177.55,100.9,22.75,137.1,59.4,127.1,41.95,59.7,53.55,384,39.85,6964.049999999999],
[35.95,52.95,27.2,35.85,165.5,32.75,66.8,99.3,134.2,20.1,33.05,36.45,22.45,11.05,7.05,5.25,5.15,9.35,24.25,26.35,30.1,11.45,11,22.1,25.3,1082.7,1226.35,792.35,473.9,251.75,246,143.4,168.35,240.1,119.6,3.9,22.05,13.4,26.9,60.45,72.25,347.45,33.45,9,6284.299999999999],
[4.45,20.2,11.65,7.05,76.35,11.25,25.25,90.75,120.65,88.85,64.9,145.85,52.15,126.45,44.45,34.75,36.15,41.1,7,7.15,4.35,1.7,3.8,6.25,7.9,799.3,591.8,302,204.9,48.1,35.5,19,19.5,31.1,2.95,99.8,32.65,1.9,8.4,5.5,4.05,42.3,8.5,12.7,3310.3500000000004],
[3883.6499999999987,8017.75,4618.1,4479.150000000001,12796.099999999999,5424.050000000002,8954.499999999998,11492.849999999999,13295.700000000003,6167.300000000002,8032.749999999999,7636.749999999999,5630.549999999999,5806.950000000002,5040.35,3298.7999999999993,4620.1,8290.999999999998,5919.699999999999,6826.5,6644.250000000001,3654.000000000001,2847.9000000000005,5620.5,6393.6,39069.05000000001,37460.50000000001,32492.15,22340.249999999996,12195.15,13088.000000000004,7966.599999999999,11828.300000000001,8042.9000000000015,4366.7,2847.95,7434.500000000001,2705.25,5614.449999999999,3300.95,3542.3499999999995,6993.9,6501.1,3231.3999999999996,396414.29999999993]]
}